7.925686164413239034e-08 7.868658319486628940e-07 1.143721067405415935e-09 8.878118098099677198e-11 2.341054113846780074e-09 -1.466734059369728752e-09 -2.553861773230813963e-09 1.516453269959533248e-09 5.493279732496922139e-10 1.644683835124603979e-09 1.523188875668233146e-09 5.933627754868106403e-10 -5.675545707907593936e-10 -1.886960091298117338e-09 -2.104974594556903662e-09 -1.683339529254635900e-09 -6.119889251099941783e-10 -7.523039792962477883e-10 -1.297351995074041110e-09 2.033254241680228871e-09 3.252622541288523255e-09 1.275837856104112689e-09 -6.920931648466187645e-12 7.868658319486628940e-07 5.936534702642241304e-04 4.501999980007971060e-04 -6.782547730235310564e-08 3.948579629950504151e-07 4.752324112439012433e-07 3.563033359151198463e-07 4.177174732459526949e-07 4.559374206885014170e-07 2.893363953461998565e-07 2.105447237007300927e-07 -4.907067408753003536e-07 -2.604250764410616382e-07 1.848655199244932216e-07 -4.255806561926505703e-09 6.102069459051148352e-07 -2.059376653918552588e-07 -1.642066140414588162e-09 -1.734001723242962711e-07 -2.267116991607383111e-08 2.546962265220032632e-07 4.145923787416892520e-08 -1.263127912364468025e-09 1.143721067405415935e-09 4.501999980007971060e-04 1.242081443892322553e-03 1.721008721754491676e-04 1.011853269989418972e-06 4.552210982231629880e-07 2.590297365800615619e-07 8.315696460129031844e-07 1.176779695632754190e-06 1.032819391704776749e-06 5.113554163208895801e-07 -4.582048688147416592e-07 -3.202385774056904938e-07 2.531332153978274003e-07 6.689962577961089523e-07 4.659562184885067344e-07 -6.040394815357002943e-07 1.729655563169655448e-07 2.256382256118453233e-07 -2.309396384970986881e-07 9.369889687885387477e-08 -6.955273055713909823e-08 -5.003816896702403789e-10 8.878118098099677198e-11 -6.782547730235310564e-08 1.721008721754491676e-04 9.010216044280467892e-04 3.035224058244604881e-04 1.065825353595249849e-06 2.596513407226309812e-07 -5.734077695111339895e-07 -4.691356383842294808e-07 8.776135505788606436e-08 -9.530122898000440859e-08 3.948251116197947026e-07 3.742595811181439235e-07 2.564506593365396946e-07 7.915143822956999816e-07 1.857888011747955616e-07 -5.956785304076267830e-07 -7.778314549603766009e-08 2.939558026203307050e-07 2.695851358157838388e-07 2.721756691263074936e-07 -9.957958467511282266e-08 3.701678429859922668e-10 2.341054113846780074e-09 3.948579629950504151e-07 1.011853269989418972e-06 3.035224058244604881e-04 1.083439306278700595e-03 2.348282401886392910e-04 4.171938304074592854e-07 -3.527360347469596909e-07 -3.097379296108005647e-07 1.866844550010882938e-07 2.061620892402108299e-08 2.193569027937847623e-07 2.654442383651666975e-07 5.059797876207984443e-07 1.006523039733309300e-06 -3.071908930206501305e-07 -1.204916821543729747e-06 -4.093907784709594292e-07 1.542044870762590135e-08 -4.895517325004218995e-08 1.939250821737300747e-07 -7.693684030571422624e-08 -3.294542689783992814e-09 -1.466734059369728752e-09 4.752324112439012433e-07 4.552210982231629880e-07 1.065825353595249849e-06 2.348282401886392910e-04 9.913842600574188438e-04 2.671469915013960209e-04 -1.627737999232691263e-07 -6.105957091118897968e-07 -1.266809472515151188e-06 -5.240087758928953825e-07 -6.506832087888027581e-07 -7.199172263186137721e-07 -2.407351403851700444e-07 4.010235002525116564e-07 -5.071443328051331570e-07 -1.064703126864397396e-06 -7.953362842310864104e-07 -1.688281495219851317e-07 -8.459126117455096470e-08 1.168292277359334818e-07 1.985806665168986823e-07 -1.440097212273011312e-10 -2.553861773230813963e-09 3.563033359151198463e-07 2.590297365800615619e-07 2.596513407226309812e-07 4.171938304074592854e-07 2.671469915013960209e-04 1.036896792083660205e-03 2.489691756730231468e-04 -9.644023800465986549e-07 -1.159696777241637268e-06 -9.161013381903236319e-07 -7.629020509190137613e-07 -4.428699832098006765e-07 -4.664278062130757011e-07 -8.339027032874507230e-07 -8.042378026229570262e-07 -7.486673119243229364e-07 -5.149644439676447450e-07 -2.957416828387041650e-07 1.558316641178933154e-07 4.500584384306389550e-07 4.705312155829846722e-08 -1.700110349158507863e-09 1.516453269959533248e-09 4.177174732459526949e-07 8.315696460129031844e-07 -5.734077695111339895e-07 -3.527360347469596909e-07 -1.627737999232691263e-07 2.489691756730231468e-04 1.012672420979679336e-03 2.571691563382702008e-04 -5.176142593218438054e-07 -9.285387556275302471e-07 -9.443929683437928008e-07 -1.075328700012283067e-06 -4.141479002849622040e-07 -4.118319690195538596e-07 -1.281755373444155445e-07 8.359541832848172881e-08 -2.613855383252610757e-07 -3.758486412298386985e-07 -5.593641543708547228e-07 -3.869876775746854680e-08 -8.742962188542309862e-08 9.841453274189057746e-10 5.493279732496922139e-10 4.559374206885014170e-07 1.176779695632754190e-06 -4.691356383842294808e-07 -3.097379296108005647e-07 -6.105957091118897968e-07 -9.644023800465986549e-07 2.571691563382702008e-04 1.024651909150638357e-03 2.524699299572533053e-04 -1.283390519109568883e-06 -1.069497571525131699e-06 -1.146872653095758333e-06 -6.266280102496321780e-07 -2.786585439422010071e-07 -6.759108567882494467e-07 -5.429487497457423548e-07 -2.244706176671746718e-07 -5.935028333682165186e-08 -5.291689416424158761e-07 -1.586980501905825244e-07 3.125321813615931411e-08 1.400462530306192785e-10 1.644683835124603979e-09 2.893363953461998565e-07 1.032819391704776749e-06 8.776135505788606436e-08 1.866844550010882938e-07 -1.266809472515151188e-06 -1.159696777241637268e-06 -5.176142593218438054e-07 2.524699299572533053e-04 1.017234749553770070e-03 2.544819258808581801e-04 -9.686399541002982454e-07 -5.882758543556744478e-07 -2.081089849194947059e-07 -3.719801103005477789e-07 -9.173789472224294407e-07 -1.175738710378855653e-06 -1.106590316223106301e-06 -9.676988356254622297e-07 -6.375416358640583939e-07 -3.937687531226801636e-07 2.906452956130730812e-08 1.137833502939862626e-09 1.523188875668233146e-09 2.105447237007300927e-07 5.113554163208895801e-07 -9.530122898000440859e-08 2.061620892402108299e-08 -5.240087758928953825e-07 -9.161013381903236319e-07 -9.285387556275302471e-07 -1.283390519109568883e-06 2.544819258808581801e-04 1.022069242787801814e-03 2.545199319569087064e-04 -9.110552231864317823e-07 -6.142876320641587387e-07 -4.671572203809110699e-07 -1.640275528492649131e-07 -1.876111717135222210e-07 -7.253002962218800470e-07 -5.611715491181526746e-07 -4.826252559417813851e-07 -2.774258264086678963e-07 -1.848283630694108153e-07 -9.174099532356999008e-10 5.933627754868106403e-10 -4.907067408753003536e-07 -4.582048688147416592e-07 3.948251116197947026e-07 2.193569027937847623e-07 -6.506832087888027581e-07 -7.629020509190137613e-07 -9.443929683437928008e-07 -1.069497571525131699e-06 -9.686399541002982454e-07 2.545199319569087064e-04 1.020282946266106447e-03 2.542364088225470740e-04 -9.633288665649390534e-07 -1.483894865027283038e-07 -4.729445018976369394e-08 -5.843321869715316835e-08 -6.185323441192116287e-07 -7.357976641071549692e-07 -2.692846908099040051e-07 -1.035515209962350430e-06 -4.261095066618069620e-07 2.138613851594118806e-09 -5.675545707907593936e-10 -2.604250764410616382e-07 -3.202385774056904938e-07 3.742595811181439235e-07 2.654442383651666975e-07 -7.199172263186137721e-07 -4.428699832098006765e-07 -1.075328700012283067e-06 -1.146872653095758333e-06 -5.882758543556744478e-07 -9.110552231864317823e-07 2.542364088225470740e-04 1.021394922869276129e-03 2.549001523906774041e-04 -5.365501093081985977e-07 -3.999519728538553059e-07 -6.815918799036856250e-07 -9.316173920080280618e-07 -9.685074533191141112e-07 -5.958049649160606091e-07 -5.629984365739378684e-07 -3.704769616897279773e-07 1.888827953019043126e-09 -1.886960091298117338e-09 1.848655199244932216e-07 2.531332153978274003e-07 2.564506593365396946e-07 5.059797876207984443e-07 -2.407351403851700444e-07 -4.664278062130757011e-07 -4.141479002849622040e-07 -6.266280102496321780e-07 -2.081089849194947059e-07 -6.142876320641587387e-07 -9.633288665649390534e-07 2.549001523906774041e-04 1.018816055175926190e-03 2.534566881121248371e-04 7.243742120515645599e-08 -1.899150767055952282e-07 -4.635284242610339776e-07 -5.310847261903892426e-07 -5.353629233804168560e-07 -3.261569048169170045e-07 1.726338417829214088e-08 1.200060615340245483e-09 -2.104974594556903662e-09 -4.255806561926505703e-09 6.689962577961089523e-07 7.915143822956999816e-07 1.006523039733309300e-06 4.010235002525116564e-07 -8.339027032874507230e-07 -4.118319690195538596e-07 -2.786585439422010071e-07 -3.719801103005477789e-07 -4.671572203809110699e-07 -1.483894865027283038e-07 -5.365501093081985977e-07 2.534566881121248371e-04 1.024899910128810980e-03 2.576017627009131029e-04 -4.095364767700248159e-07 -1.809849529632595395e-07 -4.333575199976272102e-07 -4.945063016555765825e-07 -2.926958161153704238e-07 -2.033440417474681293e-07 2.248346989993963834e-10 -1.683339529254635900e-09 6.102069459051148352e-07 4.659562184885067344e-07 1.857888011747955616e-07 -3.071908930206501305e-07 -5.071443328051331570e-07 -8.042378026229570262e-07 -1.281755373444155445e-07 -6.759108567882494467e-07 -9.173789472224294407e-07 -1.640275528492649131e-07 -4.729445018976369394e-08 -3.999519728538553059e-07 7.243742120515645599e-08 2.576017627009131029e-04 1.013563766299518292e-03 2.502622777120680876e-04 -2.449863694148119223e-07 -7.661556904171066135e-07 -7.989402382991775120e-08 3.975003399132493953e-07 -9.948592190162854808e-08 1.426254076892248203e-09 -6.119889251099941783e-10 -2.059376653918552588e-07 -6.040394815357002943e-07 -5.956785304076267830e-07 -1.204916821543729747e-06 -1.064703126864397396e-06 -7.486673119243229364e-07 8.359541832848172881e-08 -5.429487497457423548e-07 -1.175738710378855653e-06 -1.876111717135222210e-07 -5.843321869715316835e-08 -6.815918799036856250e-07 -1.899150767055952282e-07 -4.095364767700248159e-07 2.502622777120680876e-04 1.037584872901133352e-03 2.667123821550947908e-04 -1.011935815483391969e-06 -4.824562404561691829e-07 2.920573510399641877e-07 1.210318003417478144e-07 2.580213578739558260e-09 -7.523039792962477883e-10 -1.642066140414588162e-09 1.729655563169655448e-07 -7.778314549603766009e-08 -4.093907784709594292e-07 -7.953362842310864104e-07 -5.149644439676447450e-07 -2.613855383252610757e-07 -2.244706176671746718e-07 -1.106590316223106301e-06 -7.253002962218800470e-07 -6.185323441192116287e-07 -9.316173920080280618e-07 -4.635284242610339776e-07 -1.809849529632595395e-07 -2.449863694148119223e-07 2.667123821550947908e-04 9.896266715575530171e-04 2.325587958155906233e-04 -2.484059030499029989e-07 -1.550643639183528679e-07 1.504442232874242280e-07 5.177133069923438143e-10 -1.297351995074041110e-09 -1.734001723242962711e-07 2.256382256118453233e-07 2.939558026203307050e-07 1.542044870762590135e-08 -1.688281495219851317e-07 -2.957416828387041650e-07 -3.758486412298386985e-07 -5.935028333682165186e-08 -9.676988356254622297e-07 -5.611715491181526746e-07 -7.357976641071549692e-07 -9.685074533191141112e-07 -5.310847261903892426e-07 -4.333575199976272102e-07 -7.661556904171066135e-07 -1.011935815483391969e-06 2.325587958155906233e-04 1.082045966774128213e-03 3.017982925468228527e-04 -1.365232650166687754e-06 -5.231136212656032576e-07 1.078488252882745037e-09 2.033254241680228871e-09 -2.267116991607383111e-08 -2.309396384970986881e-07 2.695851358157838388e-07 -4.895517325004218995e-08 -8.459126117455096470e-08 1.558316641178933154e-07 -5.593641543708547228e-07 -5.291689416424158761e-07 -6.375416358640583939e-07 -4.826252559417813851e-07 -2.692846908099040051e-07 -5.958049649160606091e-07 -5.353629233804168560e-07 -4.945063016555765825e-07 -7.989402382991775120e-08 -4.824562404561691829e-07 -2.484059030499029989e-07 3.017982925468228527e-04 9.002059080548058864e-04 1.708175169548043501e-04 -3.303693206304754561e-07 1.161765674291395395e-09 3.252622541288523255e-09 2.546962265220032632e-07 9.369889687885387477e-08 2.721756691263074936e-07 1.939250821737300747e-07 1.168292277359334818e-07 4.500584384306389550e-07 -3.869876775746854680e-08 -1.586980501905825244e-07 -3.937687531226801636e-07 -2.774258264086678963e-07 -1.035515209962350430e-06 -5.629984365739378684e-07 -3.261569048169170045e-07 -2.926958161153704238e-07 3.975003399132493953e-07 2.920573510399641877e-07 -1.550643639183528679e-07 -1.365232650166687754e-06 1.708175169548043501e-04 1.241159294949723858e-03 4.496955243666341082e-04 -3.862134149727160947e-09 1.275837856104112689e-09 4.145923787416892520e-08 -6.955273055713909823e-08 -9.957958467511282266e-08 -7.693684030571422624e-08 1.985806665168986823e-07 4.705312155829846722e-08 -8.742962188542309862e-08 3.125321813615931411e-08 2.906452956130730812e-08 -1.848283630694108153e-07 -4.261095066618069620e-07 -3.704769616897279773e-07 1.726338417829214088e-08 -2.033440417474681293e-07 -9.948592190162854808e-08 1.210318003417478144e-07 1.504442232874242280e-07 -5.231136212656032576e-07 -3.303693206304754561e-07 4.496955243666341082e-04 5.936107330553738390e-04 7.846727296038163809e-07 -6.920931648466187645e-12 -1.263127912364468025e-09 -5.003816896702403789e-10 3.701678429859922668e-10 -3.294542689783992814e-09 -1.440097212273011312e-10 -1.700110349158507863e-09 9.841453274189057746e-10 1.400462530306192785e-10 1.137833502939862626e-09 -9.174099532356999008e-10 2.138613851594118806e-09 1.888827953019043126e-09 1.200060615340245483e-09 2.248346989993963834e-10 1.426254076892248203e-09 2.580213578739558260e-09 5.177133069923438143e-10 1.078488252882745037e-09 1.161765674291395395e-09 -3.862134149727160947e-09 7.846727296038163809e-07 7.923534526103400984e-08
7.739260147135435878e-08 7.809743261956074961e-07 1.738163303382239306e-09 1.106549034104653281e-10 2.331864842059268515e-09 -1.392459962070777796e-09 -2.514093160387895145e-09 1.412940291503294194e-09 5.442740955253813525e-10 1.652090693961399389e-09 1.464520266979734856e-09 7.196772204630259939e-10 -6.157206537003523727e-10 -1.862228799109334433e-09 -2.140621338001037162e-09 -1.760775504183780076e-09 -5.841550060177338232e-10 -8.555932045258968283e-10 -1.169188715020710055e-09 2.076481870951087001e-09 3.205851474558121878e-09 1.323699328386870009e-09 -7.230619101017527500e-12 7.810103906275298800e-07 5.924269219271430893e-04 4.503142120037147665e-04 1.520671579838567946e-07 4.037074234640411526e-07 4.774288734365754939e-07 3.580504014761845906e-07 4.131285486514776248e-07 4.574133958113814873e-07 2.925769148350637553e-07 2.049384425939292262e-07 -4.872714806203767413e-07 -2.627384553530889558e-07 1.869638445911653066e-07 -7.077774526712716592e-09 6.122463344103882926e-07 -2.062720149494145411e-07 -5.473896045325823909e-09 -1.614486242404670070e-07 -2.868315051544576109e-08 2.422415599293836820e-07 3.606138420438735388e-08 -1.282607600836539375e-09 1.761147409254895872e-09 4.503259327093691125e-04 1.241158365516969141e-03 1.724708217304035641e-04 1.166256002727837854e-06 4.535385766491484677e-07 2.566124762317382102e-07 8.408157978497149527e-07 1.178115076100495638e-06 1.033931812546551771e-06 4.992027957190008444e-07 -4.501867330878083495e-07 -3.226865966576803993e-07 2.594594506614064034e-07 6.747998721308542485e-07 4.685750322518368802e-07 -6.107870278665662621e-07 1.710999792768128223e-07 2.290504214462313775e-07 -2.310665149724926063e-07 8.269145445313146016e-08 -8.255879459607958312e-08 -5.899594199766494139e-10 1.607662992953998649e-10 1.400526618739325742e-07 1.724689220000361089e-04 8.999099368244008841e-04 3.038499552415251733e-04 1.270995224407601809e-06 2.548207545985765152e-07 -5.808737939778096801e-07 -4.686643728386692313e-07 8.366046231230123731e-08 -9.469293951707431003e-08 3.934892697214809132e-07 3.798791166543648813e-07 2.625665588552639991e-07 7.817528530307656612e-07 1.838012726549520269e-07 -5.870756427737978505e-07 -7.875784276388630600e-08 2.998691722427785539e-07 2.732642042009856749e-07 2.688673735607408382e-07 -8.979464883765222744e-08 4.634135778778685821e-10 2.345672472299810121e-09 4.113514197360552727e-07 1.183131216790839191e-06 3.038448667262542979e-04 1.082394340138266705e-03 2.351855688200293871e-04 6.090856058774695958e-07 -3.503532622486592120e-07 -3.146599336011562317e-07 1.797980857060027791e-07 3.064820601168541213e-08 2.194511117162239053e-07 2.706309195750072381e-07 5.004649144882269395e-07 1.006247870903998246e-06 -3.100194473093828323e-07 -1.209666503263283223e-06 -4.049867792204320571e-07 1.977035305719853123e-08 -4.816864027978468742e-08 2.014576858864806202e-07 -6.972552763345785445e-08 -3.280217332325399056e-09 -1.542209790748932106e-09 4.733299137874503925e-07 4.656190357596095682e-07 1.252459520172843411e-06 2.351854927091075957e-04 9.902889283706988680e-04 2.674949264329691415e-04 2.238205172325300964e-08 -5.994818655780081968e-07 -1.269528627276655422e-06 -5.205023142093138704e-07 -6.482933242501131901e-07 -7.240034523373055660e-07 -2.390255735607887228e-07 3.986822400025222456e-07 -5.082028107035883282e-07 -1.069580467021119151e-06 -7.892041525342764336e-07 -1.744349011897540131e-07 -9.206302354699495074e-08 1.299254635639046994e-07 1.987949005986478235e-07 -2.385305084749310850e-10 -2.587358439839119705e-09 3.543889489430940880e-07 2.615764652643972368e-07 2.799364567220213787e-07 5.874370174262437113e-07 2.674844338923405840e-04 1.035824080637309406e-03 2.493168847066069881e-04 -7.759964333706714031e-07 -1.137503323138685550e-06 -9.148256814690714901e-07 -7.686989870474112655e-07 -4.546446633188314343e-07 -4.583515761839635100e-07 -8.312556355588270108e-07 -8.082103553861298418e-07 -7.513371023055352918e-07 -5.176844420993663157e-07 -3.003581891474171039e-07 1.675388354495006512e-07 4.581098951927094256e-07 4.381150064147132051e-08 -1.570319508402383055e-09 1.611282903191841971e-09 4.217355489934140182e-07 8.216738170594223267e-07 -5.653220475025130392e-07 -3.431838265530828041e-07 2.873262577469523457e-08 2.493222613813053895e-04 1.011587860747612715e-03 2.575151426665157439e-04 -3.381847748879751131e-07 -9.242553172931281378e-07 -9.468081217955603490e-07 -1.076817622209072699e-06 -4.078585130797159182e-07 -4.063295567961631563e-07 -1.371983585377052602e-07 9.174153266689432951e-08 -2.622368779611221424e-07 -3.760690455807527698e-07 -5.649479629994411789e-07 -4.738216638593505147e-08 -8.935952561951053882e-08 8.617791224718718942e-10 5.541225448807087787e-10 4.547722106696376839e-07 1.176033281011884263e-06 -4.698002047150844149e-07 -3.049891680790802461e-07 -6.085438628426110666e-07 -7.830297976467011279e-07 2.575171196511097881e-04 1.023572622421406236e-03 2.528182800564848700e-04 -1.103433414275372288e-06 -1.063434831797203788e-06 -1.137120831468366184e-06 -6.278027631317239076e-07 -2.779453099567090506e-07 -6.662616696346419282e-07 -5.381753830718699511e-07 -2.373778545670977130e-07 -6.334002750072843896e-08 -5.366155885202141586e-07 -1.648858143099380095e-07 3.808969328052606614e-08 1.079331787853755587e-10 1.642019527027619999e-09 2.866898549160620906e-07 1.031979131209394622e-06 9.144877740010604358e-08 1.934843275919590426e-07 -1.263709324758898548e-06 -1.169317797357625192e-06 -3.243198866666766488e-07 2.528191169747047093e-04 1.016152949808096740e-03 2.548319088914020414e-04 -7.853088339408181136e-07 -5.719722591706069886e-07 -2.116810533524308036e-07 -3.816239100443237991e-07 -9.124592565777070232e-07 -1.180329446696641649e-06 -1.107805305074684676e-06 -9.683592477268618338e-07 -6.416224079589614629e-07 -3.929370601561690519e-07 2.931261431626529936e-08 1.210671711914915554e-09 1.579128063773048238e-09 2.158313442435773729e-07 5.226283240819305560e-07 -9.528468068561066223e-08 1.058513687358500866e-08 -5.273719448231958530e-07 -9.172519749902483765e-07 -9.199494879838863872e-07 -1.092173460382535084e-06 2.548273745956390721e-04 1.020988793266342821e-03 2.548753658176222355e-04 -7.339031808217584057e-07 -5.981996159899983737e-07 -4.704331502869982704e-07 -1.728129493142265395e-07 -1.993158461521466587e-07 -7.173655791726345007e-07 -5.578382162173036670e-07 -4.817243991498770514e-07 -2.771847455653690862e-07 -1.858026911647126012e-07 -9.372580211905798713e-10 4.635624363138174712e-10 -4.943125233071047958e-07 -4.658211806809645846e-07 3.956394348755607251e-07 2.194297989444534444e-07 -6.528646352724716156e-07 -7.572365648685605010e-07 -9.423257419276264948e-07 -1.063202735790544862e-06 -7.793632563898455551e-07 2.548611131200778646e-04 1.019201373811729362e-03 2.545898921145683599e-04 -7.840475171447050198e-07 -1.411493962618782576e-07 -5.681432673124033365e-08 -5.356955723700033844e-08 -6.091973551970286147e-07 -7.347081306589522314e-07 -2.705436568683129163e-07 -1.048736060093780690e-06 -4.333109128337055520e-07 2.179855198212234889e-09 -5.191827125498774362e-10 -2.578633819963911039e-07 -3.177166586416218085e-07 3.688300333025088325e-07 2.603911167846769122e-07 -7.155902171332840857e-07 -4.311364067925355030e-07 -1.073682883244601773e-06 -1.156654369452922748e-06 -5.921612854696478790e-07 -7.164841631893309031e-07 2.545793721620478729e-04 1.020314422815885632e-03 2.552414860070391020e-04 -3.465838659698342107e-07 -3.835977043261232520e-07 -6.686038010952944513e-07 -9.497588010805852794e-07 -9.668141649080632893e-07 -5.970381408048885390e-07 -5.625585923442019536e-07 -3.604661588389449843e-07 1.849932192593204681e-09 -1.905343191913074682e-09 1.829753443015302953e-07 2.469961828426218069e-07 2.501433149466271270e-07 5.117648110027087647e-07 -2.424105299688202689e-07 -4.747843361638349915e-07 -4.203688349327593027e-07 -6.251308470456901636e-07 -2.045101347920936815e-07 -6.177064206632421774e-07 -7.692921428961132818e-07 2.552542908616699333e-04 1.017733518939511854e-03 2.538048697908997843e-04 2.735640757612194383e-07 -1.920238297504224484e-07 -4.654278948341782062e-07 -5.410490826326458868e-07 -5.359228614664081568e-07 -3.142029773765085212e-07 1.688558997721551331e-08 1.250414368166711806e-09 -2.076920654028104162e-09 -1.077800139253900814e-09 6.626989574921924756e-07 8.014981326546518304e-07 1.006724843132498660e-06 4.023773120137080874e-07 -8.359443086850974166e-07 -4.169831847700941668e-07 -2.799620273247437180e-07 -3.618016385398115395e-07 -4.634994530878509905e-07 -1.434786929871496188e-07 -3.553160825838872430e-07 2.538064389496679841e-04 1.023820945377683627e-03 2.579484879446502653e-04 -2.227978494006761665e-07 -1.768413422217043209e-07 -4.348080442882203896e-07 -4.917188662628772320e-07 -2.937036701283941158e-07 -2.005612749604698823e-07 2.056671699523121140e-10 -1.592838351687588598e-09 6.074078111359114767e-07 4.638456512233547145e-07 1.880905166053759077e-07 -3.045177014494015372e-07 -5.063336313152515258e-07 -8.004987598019079547e-07 -1.191481564819763974e-07 -6.848995328657257947e-07 -9.225922623091348959e-07 -1.551947375743696599e-07 -3.780302006547440027e-08 -4.031877684982288054e-07 2.441314385438739045e-07 2.579484610645667655e-04 1.012479145463057771e-03 2.506239682199829237e-04 -4.834517056369428050e-08 -7.641688417727054595e-07 -7.881716787865223115e-08 3.933217843369438736e-07 -1.026671006307211482e-07 1.371536793445367695e-09 -6.417434507424771755e-10 -2.051133870078469589e-07 -5.967283331427534389e-07 -6.046925862240899851e-07 -1.200244860284710703e-06 -1.059426141601584645e-06 -7.458981441921128622e-07 7.496089969074551802e-08 -5.473940927137491375e-07 -1.171049165086642612e-06 -1.762184873848375245e-07 -6.358470705013135962e-08 -6.942387156162663370e-07 -1.750202792138649611e-07 -2.263234653763069604e-07 2.506017989683180275e-04 1.036511472754716610e-03 2.670680224436924920e-04 -8.267936581580074734e-07 -4.742817480031410866e-07 3.002082228052341165e-07 1.180584527236067432e-07 2.581894713257472982e-09 -6.562017337766805690e-10 2.004332580912342331e-09 1.747089192612029946e-07 -7.689347039516692608e-08 -4.142638951418223255e-07 -8.009396290753408293e-07 -5.122097831249229195e-07 -2.603990621185081823e-07 -2.122270103337444494e-07 -1.105516271005997087e-06 -7.326559757696329375e-07 -6.278012573144750144e-07 -9.134212133803669102e-07 -4.621416324978983792e-07 -1.719618991182188986e-07 -6.438135208092398489e-08 2.670416359979636378e-04 9.885310495942930403e-04 2.329231994530869463e-04 -4.911975885839152812e-08 -1.628139765953377524e-07 1.499596359714563965e-07 6.118584592205706214e-10 -1.417536088177776120e-09 -1.850219706927261737e-07 2.218287823004727858e-07 2.883520421573514647e-07 1.094478643687326935e-08 -1.634173270754498388e-07 -2.905747558865402887e-07 -3.753755132003771773e-07 -5.600540180707474005e-08 -9.665200025167446345e-07 -5.646664529855824777e-07 -7.367027897444932875e-07 -9.707688936766033649e-07 -5.204043960850242007e-07 -4.322330345193367524e-07 -7.571330825272975582e-07 -8.349125326279670160e-07 2.329098491073891661e-04 1.081000990014004083e-03 3.021234416088918232e-04 -1.207838692934430086e-06 -5.065940648667331440e-07 1.045584542274684213e-09 1.978185533963347720e-09 -1.692877790205060978e-08 -2.312267510601544865e-07 2.657941385641249771e-07 -4.924036901006186272e-08 -7.724773980487827222e-08 1.434707912711509803e-07 -5.537347910808828431e-07 -5.209715776826884274e-07 -6.339907677330864266e-07 -4.837693392784787916e-07 -2.677761131882707160e-07 -5.947640120465042348e-07 -5.348328215432783509e-07 -4.970867264525095593e-07 -8.120855480979813947e-08 -4.744530900674598768e-07 -5.571502708348224870e-08 3.021233049101454795e-04 8.990944549312245493e-04 1.711944441434279016e-04 -1.239798162886357644e-07 1.169569970479097009e-09 3.299350337093924309e-09 2.665435109866735056e-07 1.049565952250724744e-07 2.752914834157670271e-07 1.860957007073366187e-07 1.041621217191977741e-07 4.417283226587136209e-07 -3.035423946951479150e-08 -1.517664247383879090e-07 -3.944164431049354395e-07 -2.781987805551126881e-07 -1.022053476372469113e-06 -5.631912131997629355e-07 -3.385307495449091776e-07 -2.916157324674620147e-07 4.021416028657170259e-07 2.837645769092181596e-07 -1.389657908489143474e-07 -1.196883872734308821e-06 1.711783968067128337e-04 1.240236160179957218e-03 4.498175197243910531e-04 -3.157609191113355872e-09 1.241841352472057944e-09 4.703669948710804084e-08 -5.685594319618465073e-08 -1.092121660276082899e-07 -8.318450873020889469e-08 1.975048906765957490e-07 5.084860824834257087e-08 -8.591435431131261108e-08 2.420098331855161545e-08 2.880818169019857377e-08 -1.833949928289679112e-07 -4.189817564822674474e-07 -3.796382538561976244e-07 1.690053942139626634e-08 -2.063438182322950663e-07 -9.561807317749640567e-08 1.234574309692785055e-07 1.509446889504275451e-07 -5.145553886877090894e-07 -1.093376719080847466e-07 4.498144935742738864e-04 5.923840246895115558e-04 7.787244516543759654e-07 -5.808088133837407299e-12 -1.236154095938000955e-09 -4.157629417542404777e-10 2.748499182072151580e-10 -3.297324635832270682e-09 -6.526526897867387549e-11 -1.823260797224873994e-09 1.100589912185250120e-09 1.885958624976911575e-10 1.061626476508110830e-09 -9.010781242277161351e-10 2.097247212103897648e-09 1.940239319286550293e-09 1.137073126532340346e-09 2.487927632295571473e-10 1.486469313783749078e-09 2.564366029202074907e-09 4.279183570855667248e-10 1.113198908678223021e-09 1.237783975282536841e-09 -3.341777219742975582e-09 7.788805946146741092e-07 7.737124955348159765e-08
